18 07 2025   21145
 1     0   2376   61440   20 07 2025  61440.000  0.31948090E-03  0.72759576E-11 -0.26193447E-08
 0.27578866E+00  0.30534059E+00  0.48096180E-01  0.60081482E-03  0.51536641E+04 -0.36901200E+00
18 07 2025   21146
 2     0   2376   61440   20 07 2025  61440.000 -0.11730194E-03  0.72759576E-11 -0.25902409E-08
 0.22369516E+00  0.30727655E+00 -0.30507493E+00  0.16452789E-01  0.51536333E+04  0.15558696E+00
18 07 2025   21147
 3     0   2376   61440   20 07 2025  61440.000  0.69046021E-03  0.00000000E+00 -0.24301698E-08
 0.58783126E+00  0.31520730E+00  0.38296247E+00  0.64249039E-02  0.51537061E+04  0.99212420E+00
18 07 2025   21148
 4     0   2376   61440   20 07 2025  61440.000  0.59223175E-03  0.36379788E-11 -0.24156179E-08
 0.92962456E+00  0.30835611E+00 -0.93279123E+00  0.33373833E-02  0.51535527E+04 -0.43581367E-01
18 07 2025   21149
 5     0   2376   61440   20 07 2025  61440.000 -0.21553040E-03  0.00000000E+00 -0.24774636E-08
 0.56974816E+00  0.31098253E+00  0.44520462E+00  0.58202744E-02  0.51535474E+04  0.13568175E+00
18 07 2025   21150
 6     0   2376   61440   20 07 2025  61440.000 -0.45681000E-03 -0.14551915E-10 -0.25320332E-08
 0.25801802E+00  0.31462938E+00 -0.21211016E+00  0.33311844E-02  0.51535659E+04 -0.57428944E+00
18 07 2025   21151
 7     0   2376   61440   20 07 2025  61440.000 -0.49591064E-04 -0.36379788E-11 -0.25174813E-08
-0.74890065E+00  0.30254632E+00 -0.64736259E+00  0.19795895E-01  0.51536401E+04 -0.86678803E+00
18 07 2025   21152
 8     0   2376   61440   20 07 2025  61440.000  0.53119659E-03  0.00000000E+00 -0.25320332E-08
-0.95617652E-01  0.30146104E+00  0.14638567E+00  0.10525227E-01  0.51535435E+04  0.26567459E-01
18 07 2025   21153
 9     0   2376   61440   20 07 2025  61440.000  0.70953369E-03  0.72759576E-11 -0.24301698E-08
 0.90969443E+00  0.30643159E+00  0.63338149E+00  0.32825470E-02  0.51536265E+04  0.22202075E+00
18 07 2025   21154
10     0   2376   61440   20 07 2025  61440.000 -0.48637390E-03 -0.10913936E-10 -0.24265319E-08
 0.58703077E+00  0.31507570E+00 -0.73796952E+00  0.10260582E-01  0.51536113E+04  0.67797768E+00
18 07 2025   21155
11     0   2376   61440   20 07 2025  61440.000 -0.66757202E-03  0.10913936E-10 -0.26011548E-08
 0.26557779E+00  0.30723649E+00 -0.77040672E+00  0.19583702E-02  0.51536445E+04 -0.19506371E+00
18 07 2025   21156
12     0   2376   61440   20 07 2025  61440.000 -0.59318542E-03  0.00000000E+00 -0.24447218E-08
-0.39328694E+00  0.30547220E+00  0.48270178E+00  0.87022781E-02  0.51536074E+04  0.90915263E+00
18 07 2025   21157
13     0   2376   61440   20 07 2025  61440.000  0.70095062E-03  0.00000000E+00 -0.24047040E-08
 0.96442723E+00  0.31025010E+00  0.30922353E+00  0.94952583E-02  0.51536353E+04 -0.41562319E-01
18 07 2025   21158
14     0   2376   61440   20 07 2025  61440.000  0.67424774E-03  0.36379788E-11 -0.25102054E-08
-0.40954185E+00  0.30015832E+00 -0.88415396E+00  0.60644150E-02  0.51536567E+04  0.85659623E+00
18 07 2025   21159
15     0   2376   61440   20 07 2025  61440.000  0.31948090E-03  0.36379788E-11 -0.25102054E-08
 0.86562419E+00  0.29927522E+00  0.45725882E+00  0.16510963E-01  0.51535591E+04 -0.28488302E+00
18 07 2025   21160
16     0   2376   61440   20 07 2025  61440.000  0.63896179E-04  0.72759576E-11 -0.24483597E-08
-0.38777399E+00  0.30523950E+00  0.28290606E+00  0.14459610E-01  0.51537168E+04  0.34719765E+00
18 07 2025   21161
17     0   2376   61440   20 07 2025  61440.000  0.18310547E-03 -0.14551915E-10 -0.24883775E-08
-0.63413978E-01  0.30649263E+00 -0.38415849E+00  0.13065338E-01  0.51536797E+04  0.36917090E-01
18 07 2025   21162
18     0   2376   61440   20 07 2025  61440.000 -0.59127808E-03  0.72759576E-11 -0.25720510E-08
 0.25742614E+00  0.30983430E+00 -0.93682241E+00  0.53844452E-02  0.51536382E+04 -0.60529578E+00
18 07 2025   21163
19     0   2376   61440   20 07 2025  61440.000  0.64754486E-03  0.36379788E-11 -0.24883775E-08
-0.49396515E-01  0.30624658E+00  0.89930332E+00  0.10766029E-01  0.51536079E+04  0.62260795E+00
18 07 2025   21164
20     0   2376   61440   20 07 2025  61440.000  0.36334991E-03  0.00000000E+00 -0.25538611E-08
 0.52640104E+00  0.30523950E+00 -0.72007978E+00  0.33807755E-02  0.51534990E+04 -0.53081632E+00
18 07 2025   21165
21     0   2376   61440   20 07 2025  61440.000  0.12111664E-03  0.29103830E-10 -0.25211193E-08
 0.59197199E+00  0.30547792E+00  0.32170451E+00  0.14781952E-03  0.51535879E+04  0.41280413E+00
18 07 2025   21166
22     0   2376   61440   20 07 2025  61440.000 -0.10013580E-03  0.00000000E+00 -0.24592737E-08
-0.38671863E+00  0.30504876E+00 -0.33636987E+00  0.13039589E-01  0.51535977E+04  0.20960176E+00
18 07 2025   21167
23     0   2376   61440   20 07 2025  61440.000  0.51403046E-03  0.72759576E-11 -0.24519977E-08
 0.57715619E+00  0.31350213E+00 -0.90678108E+00  0.54059029E-02  0.51536211E+04 -0.94345880E+00
18 07 2025   21168
24     0   2376   61440   20 07 2025  61440.000 -0.35285950E-03  0.10913936E-10 -0.25756890E-08
-0.78215075E+00  0.29744226E+00  0.34189725E+00  0.16966820E-01  0.51536016E+04 -0.55330801E+00
18 07 2025   21169
25     0   2376   61440   20 07 2025  61440.000  0.47969818E-03  0.00000000E+00 -0.24956535E-08
-0.42235875E+00  0.30171090E+00  0.35873878E+00  0.12286186E-01  0.51535454E+04  0.89416945E+00
18 07 2025   21170
26     0   2376   61440   20 07 2025  61440.000 -0.26226044E-03  0.36379788E-11 -0.25684130E-08
-0.44474101E+00  0.29558259E+00  0.20256102E+00  0.10105133E-01  0.51535410E+04  0.62281668E+00
18 07 2025   21171
27     0   2376   61440   20 07 2025  61440.000 -0.23841858E-04  0.00000000E+00 -0.25065674E-08
-0.86049199E-01  0.30435640E+00  0.27106833E+00  0.13438225E-01  0.51536094E+04  0.59536934E-01
18 07 2025   21172
28     0   2376   61440   20 07 2025  61440.000 -0.63323975E-03 -0.36379788E-11 -0.24883775E-08
-0.75790501E+00  0.30605584E+00  0.45679688E-01  0.33664703E-03  0.51535830E+04 -0.79051363E+00
18 07 2025   21173
29     0   2376   61440   20 07 2025  61440.000 -0.47969818E-03  0.36379788E-11 -0.24883775E-08
-0.58287501E-01  0.30731851E+00  0.87111151E+00  0.33607483E-02  0.51535762E+04  0.47119856E-02
18 07 2025   21174
30     0   2376   61440   20 07 2025  61440.000 -0.86784363E-04  0.10913936E-10 -0.25793270E-08
-0.75070262E+00  0.29784089E+00 -0.74927759E+00  0.77085495E-02  0.51535820E+04 -0.92290354E+00
18 07 2025   21175
31     0   2376   61440   20 07 2025  61440.000 -0.19931793E-03  0.00000000E+00 -0.25102054E-08
-0.74149489E+00  0.30376703E+00  0.26762962E+00  0.10626793E-01  0.51536328E+04  0.83855069E+00
18 07 2025   21176
32     0   2376   61440   20 07 2025  61440.000 -0.38719177E-03  0.10913936E-10 -0.24265319E-08
 0.91484845E+00  0.30744439E+00 -0.65514386E+00  0.85816383E-02  0.51535864E+04  0.26649117E+00
